expname: xrays
data:
  imsize: 128
  datadir: data/xrays
  type: Xrays
  radius: 9.5,10.5
  near: 7.5
  far: 12.5
  fov: 10.
  umin: 0 # 0 deg
  umax: 1. # 360 deg
  vmin: 0.32898992833716556 # 70 deg
  vmax: 0.45642212862617093   # 85 deg